100000100101000010100000000000011000100
100000101000000110010010000000001000001
100000110000010010010010000000000101000
100000110001000010100000000000100101000
100010001001000010100000000100000010000
100001001001000010100000000000010100001
100000110001000010100000000000010010000
000100110001000001100000100000000010000
100000100101000001100010000000000100001
100000110001000001100000000100000101000
000101010001000010100000000100001000001
010000110001000010010000000000011001000
100010010000000101100000000000010010000
100010010001000001100000000100000010000
100000101001000010010000000000010010000
100001010000100010100000000100001000000
100001010000100010100000000100000101000
100010001000000110100000000000011000001
100000110000000110100000000000010101000
000101010000000110100000100000001000001
000101010001000010100010000000000010000
100000101000000110100000000000010010000
010000101000100010010000000000010010000
000100100010100001100000000010000010000
100001000010000110100000000000100010000
100000100010010001100010000000001000001
100010010001000010010000001000000101000
000100100101000010100000000010000100001
100000110001000001010000100000000010000
000100101000000110100000000100000010000
100000101000100010010000000100001000001
000101001000000110100000000100000101000
100000101000000110000100000100000010000
100010001001000010100000100000000010000
000100101001000010000100100000000100001
010010001000010010010000000000101000001
100000100101000001010000000000010101000
100000110001000010010000000000010010000
010000110001000010010001000000000010000
000101000101000010000100000000010101000
100010001000000101100000000000100010000
100000101001000001010000000100000101000
100000110001000010010000000000100010000
000101010001000010100000000000010100100
010000100101000010010000000000100010000
100001001001000001100000000100000010000
100000100101000001100000000000011001000
000101001000000110100000000000010010000
010010010000100010100000000000010101000
100010010001000010100000001000000010000
010000110001000010100000000100000010000
100010010000100010010000000000011000100
100010001000010010100000000000010010000
100000100101000010100000000100000010000
010010001000000110100000000010001000010
100000110001000010010000000000010101000
001000100011000010010000000000011000001
010000110001000001001000000100000010000
100000101001000010100000000000010101000
010000110000000110100000000000101000001
100010010001000010100000000000010101000
100010001000010001100000000000100010000
100000101000100010100000000000010101000
000101010000000110100000000100000100100
100000110001000010010000000000011000001
100010001001000010100000000000010010000
100010001001000010100000001000000010000
100010001000100010100000000100000100001
100000110001000001100000000100001001000
100001000010100010001000000010000010000
100010000101000001100000000010001000001
100000101001000001100000000000010010000
000101001001000010100001000000001000010
100001010001000010001000000010000101000
100000100100100010100000000000010010000
000100101000000101100000000100000101000
000101010000100001100000100000000010000
000110001000100001100000100000000101000
100001001000100010100000000010000010000
000101010001000010100010000000001000010
000101001001000010100000100000000101000
100000101001000010100000000000011001000
100001001001000010100001000000000010000
000110010001000010100000001000000010000
100000101001000001100000100000000010000
100000101000000110100000000000100010000
000100100101000010100000000000010101000
100000101001000010100000000100000100100
010000101000100010100000000100001000001
010000101001000010100000000100001000001
100000101000100010100000000000010010000
000101010001000010100000000100000010000
100010010000100010100001000000001000001
010010010000000101001000000001000101000
100010010001000010010000000000010101000
010010010001000010010000000100000101000
100001001001000010100000000100000010000
000101010001000010100000000000011000010
100010010001000001100000000000101001000
000101001001000010000100000010000101000
100000110001000010010000000000100101000
010010001000100010100000100000000010000
100010010000100010100000000000010010000
000100110001000010100010000000000010000
100010001000100001100000000010000010000
